18;18;1
18;18;-6
19;28;-7
46;27;-6
46;27;1
19;28;1
19;28;-6
18;38;-6
18;38;1
17;48;1
17;48;-6
31;48;-7
32;48;-8
28;56;-6
28;58;-5
30;60;-5
33;60;-6
46;60;-6
46;60;1
32;48;1
32;48;-7
45;47;-7
45;47;1
15;74;1
15;74;-4
17;75;-3
19;77;-4
20;79;-6
19;82;-4
15;84;-3
15;84;1
34;70;1
34;70;-5
40;70;-7
45;71;-4
46;74;-5
46;78;-4
44;80;-5
43;83;-8
31;84;-7
28;85;-5
28;85;1
11;78;1
11;78;-3
6;83;-4
6;83;1
33;71;1
33;71;-5
34;71;-5
34;71;1
32;71;1
32;71;-4
28;75;-4
28;78;-6
29;84;-7
29;84;1
43;84;1
43;84;-7
46;85;-4
47;87;-6
46;89;-4
46;89;1
28;98;1
28;98;-7
33;98;-8
31;101;-5
28;104;-4
28;108;-5
29;110;-5
35;112;-7
46;110;-6
46;110;1
33;98;1
33;98;-8
45;97;-7
45;97;1
27;129;1
27;129;-5
29;135;-7
43;134;-8
46;130;-4
46;125;-5
45;123;-4
42;121;-5
42;121;1
35;121;1
35;121;-5
41;121;-6
41;121;1
34;121;1
34;121;-5
32;123;-4
29;125;-4
28;127;-4
28;129;-5
28;129;1
56;122;1
56;122;-4
58;126;-5
58;128;-6
57;131;-4
53;134;-5
49;135;-6
44;135;-7
44;135;1
