20;13;1
20;13;-4
19;20;-3
19;23;-3
20;25;-5
19;26;-3
19;28;-3
20;38;-4
21;38;-4
35;36;-4
40;37;-3
41;38;-4
40;39;-4
38;40;-2
36;43;-5
35;43;-3
35;43;1
20;25;1
20;25;-6
37;25;-3
42;24;-2
42;24;1
24;53;1
24;53;-3
27;53;-2
27;57;-1
24;61;-1
24;61;1
37;43;1
37;43;-5
39;43;-3
41;45;-2
41;47;-1
39;49;-5
37;49;-4
32;51;-2
30;53;-3
30;55;-3
30;55;1
40;49;1
40;49;-3
41;50;-3
40;52;-3
38;53;-2
37;55;-4
34;56;-3
34;56;1
23;57;1
23;57;-1
20;62;-3
20;62;1
38;56;1
38;56;-3
41;56;-1
41;59;-1
38;61;-1
37;63;-5
31;64;-4
31;64;1
37;64;1
37;64;-4
39;64;-2
40;66;-2
35;70;-4
34;72;-5
38;73;-4
40;74;-3
42;75;-2
42;77;-4
41;78;-3
35;79;-3
30;82;-5
30;84;-7
32;87;-5
42;87;-2
46;86;-1
50;84;-2
54;79;-2
55;76;-1
55;72;-1
55;72;1
32;86;1
32;86;-7
33;84;-5
40;80;-3
41;79;-4
41;79;1
