18;120;1
18;120;-3
37;127;-6
43;120;-3
46;98;-2
53;84;-2
71;76;-3
82;76;-4
82;76;1
39;129;1
39;129;-5
42;130;-3
47;172;-3
58;178;-7
59;187;-6
59;176;-7
66;172;-3
69;163;-1
69;163;1
82;126;1
82;126;-3
97;121;-3
116;121;-5
117;146;-5
104;146;-2
116;147;-4
116;200;-4
118;204;-4
118;204;1
116;118;1
116;118;-4
117;113;-3
149;110;-5
156;134;-8
162;139;-7
171;155;-4
188;169;-5
188;169;1
118;94;1
118;94;-3
117;111;-4
117;111;1
120;88;1
120;88;-3
126;66;-3
126;66;1
120;145;1
120;145;-6
153;137;-7
159;127;-8
178;116;-2
197;89;-1
197;89;1
