24;146;1
24;146;-3
24;162;-3
34;166;-5
66;163;-4
100;153;-4
104;145;-6
97;126;-1
88;116;-4
82;116;-4
58;129;-3
29;131;-4
26;145;-3
26;145;1
27;129;1
27;129;-3
31;111;-3
31;111;1
59;102;1
59;102;-3
72;97;-4
72;97;1
94;108;1
94;108;-3
120;79;-1
120;79;1
118;163;1
118;163;-2
129;153;-1
133;153;-3
162;179;-3
175;185;-7
179;182;-5
184;168;-7
181;143;-5
172;126;-3
149;102;-1
149;102;1
133;94;1
133;94;-1
145;87;-1
150;78;-3
169;71;-4
169;71;1
133;130;1
133;130;-4
137;142;-6
131;152;-3
131;152;1
88;114;1
88;114;-4
92;110;-3
92;110;1
118;188;1
118;188;-3
134;201;-4
134;201;1
